67597148
71468018
65428538
31290203
12132724
70843292
29972583
48778842
70576121
16675732
37336755
68139231
69127941
67965059
36359045
10632052
70157343
70017519
70016985
56334460
7251455
43869905
22339077
42156154
44831668
43970794
50454245
18922666
15781019
1796602
70468980
70425889
43149900
70167010
52135865
69115672
569449
569399
5047478
3688911
65315592
65039338
69710135
69261616
69963609
69046079
30382150
65521436
57342714
34546755
22108061
14273157
1512914
2845613
2242408
103075
71602664
71571330
71553639
71547964
71547128
71534557
70135514
71514887
4094946
71510951
269679
65955036
71488143
71492198
71486740
71453303
70401952
71411827
71018032
71072280
56013773
4053896
43675725
19313468
70181929
70193284
69037844
69130137
69237538
69882421
67245400
325525
68248584
52338426
4924849
65193049
68259636
63642676
26303115
68048398
20909043
62631433
48956029
64608821
